100
4 3 4 0
0 1 2
1 2 2
3 0 2
0
1
2
3
10 20 10 0
4 0 48
3 1 93
6 2 63
2 4 42
4 5 76
3 6 62
2 7 41
6 8 83
5 9 44
1 5 79
4 7 70
9 0 14
5 3 26
1 0 94
4 3 43
4 9 31
8 1 69
5 2 13
8 3 62
6 0 29
0
1
2
3
4
5
6
7
8
9
10 20 10 0
2 0 38
9 1 87
5 3 69
5 4 54
0 5 60
2 6 64
0 7 18
6 8 16
5 9 47
9 4 23
0 9 32
3 7 44
5 8 77
5 2 60
4 6 74
0 3 62
4 7 21
1 0 80
3 6 67
7 5 25
0
1
2
3
4
5
6
7
8
9
10 20 10 0
2 0 25
3 1 31
8 2 79
2 3 10
2 4 37
7 5 67
5 6 32
8 7 65
0 9 88
7 1 27
9 1 94
7 4 35
0 8 24
9 4 79
5 2 30
6 9 67
1 8 20
3 9 36
0 7 47
2 7 46
0
1
2
3
4
5
6
7
8
9
10 20 10 0
1 0 27
6 2 63
1 3 28
1 4 11
3 5 16
5 6 77
4 7 81
3 8 15
7 9 70
9 1 46
0 6 70
3 6 64
2 7 82
3 0 93
0 5 50
3 7 92
4 6 78
8 7 93
7 1 34
4 9 82
0
1
2
3
4
5
6
7
8
9
10 20 10 0
9 0 40
9 1 88
7 3 60
2 4 63
2 5 82
9 6 76
9 7 36
1 8 23
5 9 20
1 7 56
8 2 59
5 6 89
1 5 25
3 9 96
0 5 16
8 6 59
4 8 37
3 8 66
0 7 37
3 4 78
0
1
2
3
4
5
6
7
8
9
10 20 10 0
3 0 68
7 1 61
5 2 70
5 3 33
7 4 58
3 6 99
3 7 20
7 8 54
8 9 27
2 3 31
4 1 27
9 7 55
3 9 13
9 5 64
1 6 18
4 0 74
4 2 97
6 5 87
8 2 82
8 0 58
0
1
2
3
4
5
6
7
8
9
10 20 10 0
3 0 77
2 1 89
1 3 83
3 4 61
0 5 25
8 6 64
3 7 42
3 8 75
1 9 90
0 2 58
7 5 17
8 1 41
9 7 96
6 1 55
5 9 80
0 1 86
1 4 74
1 7 53
5 3 24
9 6 73
0
1
2
3
4
5
6
7
8
9
10 20 10 0
1 0 82
2 1 91
9 3 66
2 4 29
2 5 53
2 6 13
2 7 36
2 8 99
5 9 50
5 0 80
5 7 34
4 0 62
7 8 71
9 4 69
4 1 30
1 3 60
3 0 42
7 3 46
6 1 58
6 3 27
0
1
2
3
4
5
6
7
8
9
10 20 10 0
2 0 56
0 1 57
6 2 58
7 3 11
0 4 16
0 5 61
6 7 41
2 8 42
4 9 84
4 1 32
4 8 60
9 3 47
1 8 65
4 2 48
1 9 51
4 7 69
1 6 79
4 6 60
9 6 88
9 5 84
0
1
2
3
4
5
6
7
8
9
10 20 10 0
1 0 70
4 1 69
0 2 80
4 3 84
3 5 76
7 6 40
4 7 18
4 8 59
7 9 22
5 9 19
8 1 45
5 2 91
7 1 65
2 8 91
2 1 40
2 9 17
8 3 84
5 7 60
5 1 89
0 4 11
0
1
2
3
4
5
6
7
8
9
10 20 10 0
7 1 57
5 2 82
6 3 51
9 4 29
0 5 66
4 6 72
0 7 20
5 8 31
5 9 57
1 9 18
1 8 71
7 9 49
3 0 15
7 3 10
8 3 33
8 0 60
1 0 63
4 7 23
6 9 96
3 9 97
0
1
2
3
4
5
6
7
8
9
10 20 10 0
0 1 98
9 2 11
0 3 64
5 4 22
9 5 60
2 6 44
9 7 91
4 8 53
0 9 99
7 3 30
1 7 38
4 7 69
6 0 86
8 0 100
5 8 75
7 5 19
4 2 53
8 3 90
5 3 77
5 0 29
0
1
2
3
4
5
6
7
8
9
10 20 10 0
2 0 100
2 1 76
7 3 76
7 4 80
2 5 81
1 6 78
0 7 38
9 8 36
0 9 88
6 3 21
8 0 26
4 2 51
4 0 30
8 7 92
8 5 54
8 4 30
3 1 10
7 5 86
3 9 74
9 1 99
0
1
2
3
4
5
6
7
8
9
10 20 10 0
1 0 95
3 1 62
2 3 11
1 4 51
2 5 30
3 6 57
3 7 30
6 8 43
3 9 32
1 2 55
5 3 39
1 7 86
7 0 10
4 3 33
6 1 45
9 0 98
0 6 33
1 9 11
9 2 92
6 2 40
0
1
2
3
4
5
6
7
8
9
10 20 10 0
0 1 29
6 2 33
2 3 37
5 4 13
9 5 69
5 6 54
0 7 67
2 8 35
7 9 12
8 7 37
2 0 84
9 1 19
3 6 91
5 0 70
6 9 95
7 6 18
3 5 52
5 1 12
2 7 13
9 4 15
0
1
2
3
4
5
6
7
8
9
10 20 10 0
8 1 70
8 2 83
0 3 82
2 4 55
3 5 64
8 6 36
1 7 32
0 8 19
3 9 75
1 0 45
4 7 52
7 6 30
7 9 85
7 3 12
9 2 66
5 1 46
4 0 92
3 6 20
1 2 19
2 3 17
0
1
2
3
4
5
6
7
8
9
10 20 10 0
7 0 71
5 1 64
3 2 91
6 4 28
0 5 43
8 6 51
3 7 49
9 8 22
7 9 16
7 6 83
5 9 15
6 9 28
5 3 23
8 3 91
2 5 69
0 6 12
1 7 67
0 3 17
1 8 53
1 9 100
0
1
2
3
4
5
6
7
8
9
10 20 10 0
6 0 19
4 1 31
4 2 39
4 3 28
1 5 35
1 6 31
8 7 78
6 8 86
6 9 35
5 3 65
1 9 14
5 4 24
8 0 36
1 2 72
9 7 97
7 6 82
0 2 12
9 4 78
8 2 86
7 2 65
0
1
2
3
4
5
6
7
8
9
10 20 10 0
6 0 99
2 1 90
9 3 12
7 4 93
2 5 39
2 6 34
2 7 31
3 8 15
2 9 79
0 5 25
8 9 57
3 2 18
7 8 33
6 9 85
9 7 15
1 9 86
4 3 23
6 8 14
3 1 73
9 5 95
0
1
2
3
4
5
6
7
8
9
10 20 10 0
9 0 71
9 1 41
7 2 82
5 3 15
3 4 99
1 5 55
1 6 23
1 7 52
5 8 71
0 4 55
3 8 88
3 2 56
6 7 75
2 8 90
3 6 14
4 5 26
3 9 94
2 4 23
8 0 49
4 8 94
0
1
2
3
4
5
6
7
8
9
10 20 10 0
6 0 75
6 1 87
6 2 35
0 3 23
2 4 11
2 5 11
0 7 36
1 8 23
4 9 41
7 6 64
8 3 69
3 9 34
3 2 53
8 7 16
7 9 41
1 4 30
2 8 55
7 3 33
1 5 24
5 6 51
0
1
2
3
4
5
6
7
8
9
10 20 10 0
8 0 50
4 1 77
5 2 17
2 3 95
5 4 17
8 5 58
5 6 62
5 7 62
0 9 58
4 3 30
2 7 47
9 3 15
7 1 12
1 9 33
7 4 84
2 9 62
2 4 95
6 9 37
6 7 86
6 8 68
0
1
2
3
4
5
6
7
8
9
10 20 10 0
1 0 32
9 1 76
8 2 37
7 3 30
9 5 83
8 6 70
8 7 14
9 8 65
4 9 29
6 2 69
3 0 83
5 0 96
9 7 29
2 1 46
5 2 25
9 2 36
0 9 85
6 0 94
7 5 86
1 8 31
0
1
2
3
4
5
6
7
8
9
10 20 10 0
9 0 18
4 1 40
1 2 34
1 3 95
9 5 34
7 6 35
9 7 12
3 8 17
3 9 11
7 0 90
8 4 61
3 6 34
6 9 90
8 7 93
7 4 17
6 4 84
8 0 75
1 5 85
5 2 33
6 8 98
0
1
2
3
4
5
6
7
8
9
10 20 10 0
6 0 23
6 1 59
8 2 86
5 3 31
4 5 36
5 6 70
5 7 79
6 8 28
8 9 98
3 4 58
9 4 87
1 9 88
0 7 16
6 4 66
1 0 28
8 7 94
7 3 66
0 2 15
9 6 84
3 2 63
0
1
2
3
4
5
6
7
8
9
10 20 10 0
4 0 42
8 1 21
5 2 31
8 3 56
1 4 49
8 5 73
1 7 88
6 8 19
2 9 18
1 5 49
9 3 36
7 8 50
9 6 22
8 2 70
8 9 39
1 3 74
1 6 40
2 7 18
0 6 45
0 5 32
0
1
2
3
4
5
6
7
8
9
10 20 10 0
8 1 91
9 2 66
5 3 59
1 4 55
0 5 32
8 6 75
9 7 19
0 8 51
5 9 31
8 2 17
4 0 91
7 3 50
4 8 89
5 6 100
8 9 90
7 0 34
6 9 68
1 5 87
9 3 28
3 1 90
0
1
2
3
4
5
6
7
8
9
10 20 10 0
8 0 95
1 2 64
7 3 13
1 4 99
2 5 36
1 6 51
1 7 83
1 8 91
7 9 93
9 4 77
9 6 58
9 3 12
7 4 58
8 7 95
4 6 51
9 2 57
5 9 43
7 5 73
6 8 67
0 5 86
0
1
2
3
4
5
6
7
8
9
10 20 10 0
7 1 33
8 2 11
0 3 71
0 4 19
4 5 36
8 6 73
0 7 65
0 8 18
3 9 55
9 8 80
5 8 91
9 1 45
5 7 33
6 5 70
4 1 32
9 5 69
4 9 48
7 8 85
2 3 68
2 7 46
0
1
2
3
4
5
6
7
8
9
10 20 10 0
8 0 16
8 1 15
9 2 98
9 3 37
0 4 87
1 5 13
3 7 38
6 8 38
6 9 43
3 4 70
2 8 61
2 0 85
2 4 50
4 8 44
4 1 94
1 3 88
7 6 90
0 5 56
9 1 34
4 6 77
0
1
2
3
4
5
6
7
8
9
10 20 10 0
2 0 69
2 1 38
6 2 69
4 3 87
2 4 90
5 6 67
0 7 51
3 8 21
2 9 92
3 7 96
7 6 80
2 5 59
8 7 95
3 2 11
9 3 14
6 0 26
2 7 23
9 6 68
8 5 69
7 5 65
0
1
2
3
4
5
6
7
8
9
10 20 10 0
0 1 33
3 2 62
1 3 92
2 4 89
3 5 59
0 6 40
8 7 72
3 8 93
3 9 68
9 7 90
7 2 63
2 0 41
2 9 79
4 8 30
1 6 42
3 7 77
6 5 10
7 0 68
6 4 74
8 0 72
0
1
2
3
4
5
6
7
8
9
10 20 10 0
9 0 57
9 1 10
8 2 72
3 4 91
9 5 52
3 6 47
4 7 36
6 8 42
4 9 54
1 7 46
0 3 51
8 5 13
8 0 96
1 8 43
0 5 51
6 4 15
4 8 50
9 3 74
6 9 49
1 3 97
0
1
2
3
4
5
6
7
8
9
10 20 10 0
2 0 29
5 1 71
8 2 88
4 3 48
8 4 91
8 5 30
4 6 65
4 7 69
8 9 62
6 0 24
7 0 72
7 8 22
0 8 11
7 3 46
6 8 44
0 5 66
9 3 11
7 2 40
6 5 54
6 2 67
0
1
2
3
4
5
6
7
8
9
10 20 10 0
2 0 30
8 1 98
4 2 86
0 3 49
5 4 44
8 5 27
9 6 49
1 7 35
1 9 66
2 8 80
0 5 93
1 2 72
2 9 43
3 7 83
1 3 61
0 1 77
5 3 27
6 3 37
9 0 69
2 5 15
0
1
2
3
4
5
6
7
8
9
10 20 10 0
8 0 16
0 1 37
5 2 70
6 3 94
0 4 93
8 5 71
8 7 60
6 8 98
6 9 13
4 1 22
3 7 33
8 1 36
1 6 12
7 6 77
1 2 33
9 7 28
9 0 64
9 5 10
5 0 88
4 8 72
0
1
2
3
4
5
6
7
8
9
10 20 10 0
7 0 32
5 1 50
9 2 68
7 3 72
9 4 23
7 5 63
0 6 71
9 7 79
3 8 73
3 9 79
2 4 52
6 5 52
0 5 39
7 8 37
6 7 61
5 9 74
2 5 73
8 5 99
6 2 79
2 1 16
0
1
2
3
4
5
6
7
8
9
10 20 10 0
4 0 98
4 2 75
7 3 77
6 4 79
1 5 36
7 6 52
1 7 17
4 8 79
1 9 35
8 1 54
6 3 15
4 5 36
9 3 35
7 8 78
9 5 74
7 9 37
6 1 84
2 5 56
6 9 35
3 1 78
0
1
2
3
4
5
6
7
8
9
10 20 10 0
4 0 35
5 1 16
2 3 35
2 4 22
2 5 92
4 6 70
1 7 60
2 8 17
0 9 74
4 7 59
7 5 28
4 3 20
9 5 23
9 8 45
9 4 90
8 3 81
7 9 66
3 0 27
3 6 29
8 5 90
0
1
2
3
4
5
6
7
8
9
10 20 10 0
2 0 24
2 1 71
7 2 16
6 4 33
7 5 90
7 6 15
3 7 88
9 8 33
1 9 10
8 0 38
0 7 100
8 1 96
8 6 96
1 7 35
0 5 95
2 3 97
2 6 28
8 4 64
5 3 66
9 7 29
0
1
2
3
4
5
6
7
8
9
10 20 10 0
6 0 30
7 1 64
1 2 56
7 3 59
7 4 71
8 5 36
2 6 29
3 8 79
2 9 87
8 7 30
4 2 44
1 9 54
4 9 21
6 4 91
2 5 78
3 0 21
2 7 94
6 3 35
9 0 32
5 6 37
0
1
2
3
4
5
6
7
8
9
10 20 10 0
9 0 21
5 1 23
8 2 13
4 3 84
6 4 11
5 6 59
6 7 79
0 8 40
6 9 92
3 0 27
4 7 52
0 6 98
8 3 20
1 2 26
2 3 100
4 1 58
3 5 16
0 2 92
7 9 63
8 9 22
0
1
2
3
4
5
6
7
8
9
10 20 10 0
6 0 60
8 1 21
9 2 58
1 3 54
7 4 75
6 5 91
6 7 39
6 8 60
1 9 100
2 5 19
7 0 96
2 6 36
5 1 88
0 9 51
5 8 58
5 9 75
1 7 63
0 3 75
4 8 69
5 0 63
0
1
2
3
4
5
6
7
8
9
10 20 10 0
4 0 82
4 1 26
4 3 95
2 4 79
3 5 17
7 6 76
3 7 51
1 8 21
0 9 94
7 2 14
1 3 96
4 6 43
7 1 72
1 6 59
8 2 12
9 2 13
9 5 72
0 6 38
5 6 67
8 4 64
0
1
2
3
4
5
6
7
8
9
10 20 10 0
7 1 27
7 2 21
0 3 91
9 4 88
9 5 100
4 6 81
8 7 74
0 8 28
0 9 37
5 8 88
6 0 30
5 4 19
8 9 82
4 8 78
2 0 58
4 1 93
6 3 77
2 1 13
7 0 95
3 9 99
0
1
2
3
4
5
6
7
8
9
10 20 10 0
5 0 29
8 1 19
5 2 16
8 4 10
3 5 26
0 6 36
1 7 47
5 8 54
2 9 47
7 3 44
2 3 78
1 5 72
1 0 93
6 4 30
0 4 43
8 0 95
4 3 94
8 2 74
4 7 37
2 6 25
0
1
2
3
4
5
6
7
8
9
10 20 10 0
2 0 68
7 1 42
4 2 44
8 3 46
2 5 77
7 6 41
2 7 72
7 8 53
4 9 52
6 5 12
5 4 50
2 3 10
7 4 25
2 8 65
7 9 40
9 5 96
7 5 20
1 4 25
1 9 90
9 8 64
0
1
2
3
4
5
6
7
8
9
10 20 10 0
5 0 90
3 1 42
0 2 23
9 3 93
9 4 63
4 5 55
7 6 13
8 7 64
5 8 42
0 9 93
1 4 35
3 6 54
3 4 94
2 6 84
7 1 91
3 2 56
6 9 81
8 0 21
4 8 48
7 2 51
0
1
2
3
4
5
6
7
8
9
10 20 10 0
7 0 63
7 1 78
0 2 84
7 3 98
7 4 85
4 5 64
0 6 44
4 8 93
0 9 25
1 9 15
6 5 24
2 7 93
8 7 39
0 8 92
3 2 19
8 9 73
4 0 71
9 3 63
5 1 35
6 4 52
0
1
2
3
4
5
6
7
8
9
10 20 10 0
0 1 21
0 2 18
2 3 76
9 4 48
4 5 29
7 6 83
0 7 12
0 8 60
3 9 80
3 4 74
1 9 12
6 0 74
7 1 81
3 8 11
7 5 50
9 0 85
8 2 28
7 8 54
6 4 63
9 7 47
0
1
2
3
4
5
6
7
8
9
10 20 10 0
5 0 95
5 1 48
4 2 25
1 3 91
5 4 69
7 6 94
4 7 69
9 8 35
7 9 58
6 5 52
4 0 96
9 6 13
2 3 29
6 0 88
3 0 20
1 6 21
3 9 46
1 9 40
0 9 40
2 0 18
0
1
2
3
4
5
6
7
8
9
10 20 10 0
5 0 11
2 1 29
2 3 13
1 4 53
1 5 57
5 6 32
2 7 88
2 8 93
4 9 40
7 8 88
8 3 56
6 0 68
7 9 99
4 6 99
1 3 18
8 0 85
9 1 96
6 7 29
6 9 71
0 3 61
0
1
2
3
4
5
6
7
8
9
10 20 10 0
5 0 45
5 1 94
5 2 13
6 3 89
5 4 88
3 5 97
7 6 65
3 8 88
1 9 82
6 8 22
8 7 47
0 2 58
2 7 61
6 0 30
4 7 55
3 9 28
8 5 39
1 0 74
8 2 46
5 7 93
0
1
2
3
4
5
6
7
8
9
10 20 10 0
4 0 85
0 1 49
3 2 61
0 3 10
6 5 66
4 6 34
0 7 21
0 8 32
0 9 47
7 3 69
2 5 49
8 4 90
7 4 16
7 5 64
1 4 62
9 3 25
1 7 68
2 9 89
5 4 20
6 9 79
0
1
2
3
4
5
6
7
8
9
10 20 10 0
3 0 39
7 1 37
7 2 27
5 4 82
0 5 58
3 6 83
6 7 72
6 8 27
0 9 40
8 3 79
2 4 43
1 3 19
6 2 92
2 9 50
9 6 12
7 3 51
9 3 12
0 4 70
9 4 98
6 5 88
0
1
2
3
4
5
6
7
8
9
10 20 10 0
8 0 65
8 1 14
6 2 84
8 3 27
8 4 63
8 5 42
8 6 76
0 7 18
2 9 66
9 8 74
3 1 56
0 5 45
7 8 22
6 0 77
9 1 91
9 6 35
7 4 27
4 5 33
0 4 48
5 2 100
0
1
2
3
4
5
6
7
8
9
10 20 10 0
8 0 94
4 1 83
1 3 76
2 4 99
9 5 100
2 6 41
2 7 62
4 8 25
4 9 65
8 5 22
7 3 53
3 6 37
7 1 92
0 7 49
6 8 70
0 2 77
6 0 40
1 9 11
5 4 74
9 3 97
0
1
2
3
4
5
6
7
8
9
10 20 10 0
2 0 93
8 1 48
4 2 84
9 3 82
4 5 34
9 6 35
5 7 99
5 8 78
2 9 58
2 6 53
3 0 68
8 0 91
7 2 99
3 7 24
9 4 69
0 7 43
7 8 69
0 5 46
7 1 98
3 2 14
0
1
2
3
4
5
6
7
8
9
10 20 10 0
1 0 72
6 2 70
1 3 81
1 4 20
1 5 81
3 6 78
0 7 26
2 8 20
4 9 15
7 1 94
2 0 53
0 6 15
2 4 46
9 5 23
3 2 47
5 8 86
9 8 24
2 9 55
8 1 100
9 1 72
0
1
2
3
4
5
6
7
8
9
10 20 10 0
4 0 89
1 2 81
4 3 60
1 4 10
1 5 93
3 6 73
6 7 64
0 8 31
4 9 54
8 9 15
7 0 35
4 6 65
0 1 49
2 9 35
0 9 46
4 2 75
4 8 12
7 8 79
2 6 68
3 9 83
0
1
2
3
4
5
6
7
8
9
10 20 10 0
4 0 31
9 1 13
0 2 75
3 4 50
3 5 18
3 6 27
9 7 70
4 8 56
6 9 46
0 8 53
6 5 39
0 3 25
7 4 37
7 6 56
8 1 56
4 9 36
7 1 14
8 9 32
5 4 47
0 1 87
0
1
2
3
4
5
6
7
8
9
10 20 10 0
9 0 43
4 1 23
4 2 49
2 3 30
9 5 65
1 6 53
0 7 37
3 8 66
1 9 56
3 5 90
6 8 78
9 8 19
5 4 88
1 0 68
7 6 76
2 6 94
3 9 22
1 8 49
3 7 73
2 8 54
0
1
2
3
4
5
6
7
8
9
10 20 10 0
6 0 35
7 1 59
9 2 21
8 3 26
0 5 96
4 6 86
4 7 88
7 8 22
7 9 25
8 2 94
3 2 23
5 9 27
5 4 66
2 4 29
9 8 72
3 1 75
2 5 54
8 6 97
2 6 24
9 6 72
0
1
2
3
4
5
6
7
8
9
10 20 10 0
3 0 66
3 1 91
5 2 77
7 3 72
5 4 63
6 5 96
8 6 75
8 7 76
1 9 46
9 0 63
0 8 46
7 2 38
4 7 84
3 8 94
5 0 61
1 7 41
3 4 87
9 2 69
6 7 18
2 8 59
0
1
2
3
4
5
6
7
8
9
10 20 10 0
6 1 74
4 2 59
1 3 89
0 4 90
4 5 19
4 6 15
5 7 68
0 8 32
0 9 39
9 7 54
6 2 79
1 8 11
9 5 97
5 6 15
1 7 67
7 3 96
8 5 56
2 3 63
2 7 62
8 6 79
0
1
2
3
4
5
6
7
8
9
10 20 10 0
6 0 87
2 1 56
4 2 66
8 3 70
2 5 46
2 6 35
8 7 70
4 8 100
4 9 98
1 0 50
2 0 17
6 5 66
9 6 87
6 1 43
2 8 12
2 7 29
9 1 70
3 4 69
5 7 98
5 3 24
0
1
2
3
4
5
6
7
8
9
10 20 10 0
9 1 91
5 2 94
7 3 65
0 4 99
0 5 62
3 6 44
4 7 19
0 8 98
0 9 28
3 2 23
6 7 14
9 2 99
8 7 39
5 1 33
9 5 94
4 1 75
1 8 49
3 8 94
7 2 70
4 9 78
0
1
2
3
4
5
6
7
8
9
10 20 10 0
8 0 42
6 2 53
5 3 64
6 4 49
8 5 92
0 6 79
2 7 12
1 8 52
6 9 27
3 8 46
5 1 70
6 3 85
4 9 19
3 1 39
0 4 62
9 1 15
7 1 93
0 1 14
8 4 24
4 1 53
0
1
2
3
4
5
6
7
8
9
10 20 10 0
4 0 58
3 1 42
6 2 97
6 3 30
8 4 81
6 5 43
8 6 63
0 7 39
7 9 28
0 9 65
7 6 28
0 2 97
2 8 79
3 0 14
9 5 19
5 8 25
6 0 20
2 7 72
2 3 22
0 1 42
0
1
2
3
4
5
6
7
8
9
10 20 10 0
7 0 74
3 1 42
7 2 87
7 3 36
0 4 67
3 5 67
8 6 91
3 8 64
1 9 27
5 8 30
1 5 35
3 6 43
8 0 93
5 4 28
0 9 29
6 9 88
5 6 58
8 2 46
8 1 82
2 9 14
0
1
2
3
4
5
6
7
8
9
10 20 10 0
0 1 30
0 2 71
0 3 18
5 4 50
0 5 17
4 6 26
2 7 91
2 8 80
2 9 35
8 0 93
4 2 94
3 6 36
4 0 20
9 1 16
7 5 13
3 8 79
8 5 63
8 9 42
6 8 48
9 4 26
0
1
2
3
4
5
6
7
8
9
10 20 10 0
8 0 73
5 1 73
6 2 14
8 3 53
6 4 33
6 5 31
8 6 50
6 7 14
5 9 37
3 5 53
1 7 95
0 2 39
0 6 58
4 5 41
9 8 93
1 6 65
2 8 32
9 7 33
2 3 50
4 8 13
0
1
2
3
4
5
6
7
8
9
10 20 10 0
7 0 67
5 1 12
4 2 32
7 3 79
8 4 60
7 5 94
7 6 24
7 8 16
7 9 86
9 5 11
1 9 76
5 0 40
2 3 10
2 0 21
2 7 40
6 2 64
5 8 98
9 3 30
3 0 70
6 4 90
0
1
2
3
4
5
6
7
8
9
10 20 10 0
1 0 88
1 2 21
1 3 75
1 4 67
1 5 57
5 6 67
8 7 76
5 8 34
8 9 38
0 5 54
0 8 56
4 9 55
2 0 58
0 9 88
3 4 78
6 8 57
6 4 16
6 3 28
0 3 51
2 4 10
0
1
2
3
4
5
6
7
8
9
10 20 10 0
9 0 97
0 1 38
4 2 17
5 3 76
3 4 61
9 5 100
5 6 50
9 7 34
4 8 96
3 6 62
7 4 20
3 1 22
8 7 66
4 9 65
6 2 37
8 5 61
1 6 26
8 9 28
5 7 22
2 5 88
0
1
2
3
4
5
6
7
8
9
10 20 10 0
6 1 74
4 2 74
0 3 66
6 4 28
9 5 66
0 6 48
6 7 94
0 8 60
0 9 67
1 9 100
5 1 28
2 6 47
2 9 51
5 2 72
3 6 58
4 1 82
2 8 65
3 5 90
8 4 61
7 0 80
0
1
2
3
4
5
6
7
8
9
10 20 10 0
4 0 83
9 1 74
4 2 38
7 3 35
6 4 40
8 5 50
8 6 80
9 7 79
8 9 25
1 8 61
1 0 38
3 2 61
3 0 95
5 0 30
2 8 60
5 1 62
0 7 19
5 2 13
5 7 50
0 8 13
0
1
2
3
4
5
6
7
8
9
10 20 10 0
5 0 82
5 1 79
0 2 24
7 3 62
8 4 100
7 6 63
8 7 37
5 8 99
5 9 97
9 1 45
2 6 68
1 0 37
3 0 59
0 8 89
4 6 52
0 9 68
4 3 71
4 5 64
1 3 13
7 5 91
0
1
2
3
4
5
6
7
8
9
10 20 10 0
7 0 43
1 2 15
1 3 90
1 4 57
1 5 75
1 6 99
9 7 26
1 8 58
1 9 98
7 3 45
4 2 40
0 6 88
6 3 55
6 2 99
5 2 80
8 3 26
5 3 52
9 5 18
7 6 17
8 5 80
0
1
2
3
4
5
6
7
8
9
10 20 10 0
8 0 40
6 1 55
5 2 71
9 3 80
2 4 100
5 6 71
8 7 82
2 8 98
8 9 16
6 3 95
3 4 40
0 2 83
3 7 99
0 1 56
1 4 35
6 7 37
7 1 50
0 5 91
7 4 22
0 7 72
0
1
2
3
4
5
6
7
8
9
10 20 10 0
4 0 20
8 1 27
3 2 87
8 3 95
8 4 31
9 5 42
4 6 95
6 7 61
2 9 16
4 7 92
2 7 10
1 4 50
5 7 76
2 1 69
1 0 20
3 6 28
6 2 95
0 8 46
2 8 94
3 9 85
0
1
2
3
4
5
6
7
8
9
10 20 10 0
2 0 52
4 1 55
6 2 71
0 3 72
7 4 59
6 5 63
9 6 38
6 7 31
7 8 49
1 9 43
3 9 27
8 9 18
8 3 13
1 0 56
8 1 52
1 5 32
2 9 78
5 4 45
0 4 24
5 3 15
0
1
2
3
4
5
6
7
8
9
10 20 10 0
7 0 44
4 1 96
3 2 37
8 3 50
8 4 42
5 6 10
3 7 61
5 8 74
8 9 75
6 2 19
4 5 87
1 5 40
3 6 16
0 5 95
7 8 41
2 8 65
0 4 97
1 2 11
3 4 88
9 3 26
0
1
2
3
4
5
6
7
8
9
10 20 10 0
6 0 82
8 1 71
8 2 91
5 3 68
9 4 69
9 5 54
8 6 82
2 7 43
8 9 63
4 8 85
9 1 24
0 8 53
2 0 29
1 0 33
2 3 34
0 7 25
0 4 24
3 8 95
4 1 36
2 1 25
0
1
2
3
4
5
6
7
8
9
10 20 10 0
6 0 81
9 1 69
4 3 41
2 4 41
2 5 99
9 6 73
8 7 93
9 8 37
4 9 91
6 3 61
8 0 94
5 7 57
9 5 42
1 3 10
6 4 20
0 3 41
3 8 81
0 4 56
7 6 27
7 2 74
0
1
2
3
4
5
6
7
8
9
10 20 10 0
0 1 24
0 2 15
0 3 71
3 4 70
3 5 86
7 6 77
8 7 20
4 8 10
4 9 53
8 9 37
7 2 18
2 8 77
4 0 92
2 3 89
4 5 93
5 2 81
6 8 35
1 4 100
9 5 69
4 7 70
0
1
2
3
4
5
6
7
8
9
10 20 10 0
9 0 21
7 1 69
8 2 25
8 3 87
3 4 32
2 5 39
7 6 19
1 8 95
6 9 40
4 8 73
1 2 47
2 9 88
0 4 36
8 7 44
9 4 79
0 5 16
5 3 93
6 4 35
5 8 66
1 9 30
0
1
2
3
4
5
6
7
8
9
10 20 10 0
8 0 29
0 2 78
1 3 18
3 4 31
3 5 30
4 6 63
4 7 37
1 8 55
6 9 51
5 4 64
6 2 53
2 7 95
3 9 65
5 7 32
5 6 97
4 2 44
0 5 54
2 8 12
6 1 54
0 1 85
0
1
2
3
4
5
6
7
8
9
10 20 10 0
3 0 42
6 1 74
2 3 38
3 4 51
1 5 46
2 6 78
5 7 23
2 8 36
5 9 80
8 0 85
8 6 34
6 3 14
8 9 11
9 6 91
7 3 27
1 0 33
6 4 76
4 7 67
3 1 52
7 1 77
0
1
2
3
4
5
6
7
8
9
10 20 10 0
8 0 63
8 1 41
6 2 56
6 3 41
2 4 88
8 5 48
8 7 66
2 8 80
3 9 46
5 9 71
0 6 14
5 4 92
7 2 28
7 9 91
9 2 12
8 3 15
2 5 63
7 0 82
3 1 25
1 6 73
0
1
2
3
4
5
6
7
8
9
10 20 10 0
1 0 40
7 1 17
7 2 58
1 3 79
1 4 81
7 5 70
1 6 21
7 8 29
3 9 70
6 9 78
0 9 18
9 4 18
8 9 76
8 5 79
5 2 81
0 4 62
5 6 97
2 9 95
8 6 55
6 0 10
0
1
2
3
4
5
6
7
8
9
10 20 10 0
5 0 93
5 1 58
9 2 69
6 3 96
6 4 96
3 5 66
2 6 70
2 7 80
9 8 40
7 8 42
2 1 82
6 7 49
4 9 19
8 1 63
6 8 22
0 2 23
3 8 34
0 9 11
6 9 61
3 9 69
0
1
2
3
4
5
6
7
8
9
10 20 10 0
9 0 85
0 1 88
4 2 77
9 3 53
3 4 49
8 5 96
4 6 27
4 7 51
7 8 47
6 5 76
1 5 60
1 7 65
1 4 22
2 0 84
4 0 61
4 9 60
7 5 86
3 7 83
0 5 14
2 9 50
0
1
2
3
4
5
6
7
8
9
10 20 10 0
2 0 65
2 1 51
6 3 62
6 4 26
3 5 32
2 6 47
2 7 11
2 8 82
1 9 43
1 7 32
3 4 74
8 3 54
7 0 58
4 5 37
9 4 45
0 3 87
8 5 37
3 9 97
6 8 59
5 0 73
0
1
2
3
4
5
6
7
8
9
10 20 10 0
3 0 59
3 1 89
3 2 37
9 3 13
7 4 11
3 5 50
9 6 98
6 7 84
0 8 50
1 6 88
2 1 23
1 9 59
6 4 65
5 9 100
3 4 94
8 9 58
6 8 27
4 5 39
0 9 79
4 9 84
0
1
2
3
4
5
6
7
8
9
10 20 10 0
4 0 51
9 1 61
5 2 57
3 4 44
0 5 31
7 6 64
3 7 73
7 8 78
7 9 45
5 8 78
9 6 91
8 9 95
1 6 18
1 2 99
0 3 80
9 5 21
4 5 72
1 3 51
2 0 14
8 2 57
0
1
2
3
4
5
6
7
8
9
10 20 10 0
6 0 41
6 1 35
8 2 74
7 3 17
9 4 31
9 5 37
7 6 12
9 8 84
7 9 75
5 7 93
8 3 12
5 8 24
2 0 31
4 6 44
4 5 34
4 2 28
0 5 80
6 2 97
9 1 88
0 8 65
0
1
2
3
4
5
6
7
8
9
10 20 10 0
8 0 46
3 1 23
7 2 17
8 4 45
2 5 66
1 6 28
1 7 63
1 8 92
6 9 88
0 6 48
7 3 87
7 5 43
0 3 54
7 9 63
4 7 79
1 0 32
4 3 91
5 3 46
0 4 90
2 6 42
0
1
2
3
4
5
6
7
8
9
2 1 1 0
0 1 100
1