100
3 1
0 1 0
7 2
1 1 1 0 1 1 0
8 3
1 1 1 0 1 1 1 0
2 2
0 0
6 4
1 1 1 1 1 1
8 2
0 1 1 1 1 1 1 0
10 5
1 1 1 1 1 1 1 1 1 1
9 3
0 1 1 1 1 1 1 0 1
5 2
1 1 1 0 1
10 2
0 1 1 0 1 1 1 0 1 0
7 3
0 1 1 0 1 1 0
2 2
0 0
10 5
1 1 1 1 1 1 1 0 1 1
9 3
0 1 1 1 1 1 1 1 1
11 2
1 1 1 1 1 1 1 1 1 1 0
9 3
1 1 1 0 1 1 1 1 0
9 3
0 1 1 0 1 1 1 0 1
9 4
0 1 1 0 1 1 1 1 1
2 2
1 1
8 3
0 1 1 1 1 1 1 0
5 3
0 1 1 1 0
2 2
1 1
7 3
0 1 1 1 1 1 1
9 2
1 1 1 1 1 1 1 1 0
2 2
1 0
3 2
0 1 0
4 2
1 1 1 0
5 2
0 1 1 1 0
3 2
0 1 0
7 4
0 1 1 1 1 1 1
4 3
0 1 1 0
7 4
0 1 1 1 1 1 0
9 3
1 1 1 0 1 1 1 0 1
9 2
0 1 1 1 1 1 1 0 0
6 3
0 1 1 0 1 0
2 2
0 0
11 2
1 1 1 1 1 1 1 0 1 1 1
5 3
1 1 1 1 0
6 2
1 1 1 0 1 1
4 2
0 1 1 0
5 2
0 1 1 0 0
8 5
0 1 1 0 1 1 1 1
8 5
0 1 1 1 1 1 1 0
10 2
1 1 1 0 1 1 1 0 1 0
5 3
1 1 1 1 1
6 3
1 1 1 0 1 1
9 2
1 1 1 0 1 1 1 0 1
6 4
1 1 1 0 1 0
10 5
1 1 1 0 1 1 1 0 1 1
4 3
1 1 1 0
9 5
0 1 1 1 1 1 1 1 0
11 2
1 1 1 1 1 1 1 0 1 1 0
2 2
0 1
2 2
0 1
10 5
0 1 1 1 1 1 1 0 1 0
2 2
0 0
5 2
0 1 1 1 0
7 3
0 1 1 0 1 1 0
4 2
1 1 1 1
2 2
0 0
9 2
0 1 1 0 1 1 1 0 0
11 4
1 1 1 1 1 1 1 1 1 1 1
5 2
0 1 1 1 0
10 3
1 1 1 0 1 1 1 0 1 0
10 4
1 1 1 0 1 1 1 1 1 0
2 2
1 0
9 2
1 1 1 0 1 1 1 1 0
4 3
0 1 1 0
4 2
1 1 1 0
7 3
0 1 1 0 1 1 1
6 3
0 1 1 1 1 0
4 3
1 1 1 1
2 2
0 1
2 2
0 1
7 3
0 1 1 0 1 1 1
11 6
1 1 1 0 1 1 1 0 1 1 0
8 5
1 1 1 0 1 1 1 0
2 2
1 0
6 3
1 1 1 1 1 0
3 2
0 1 1
2 2
0 0
3 2
0 1 0
10 4
0 1 1 0 1 1 1 0 1 1
9 4
1 1 1 0 1 1 1 0 0
8 5
0 1 1 1 1 1 1 0
7 3
1 1 1 0 1 1 0
4 2
0 1 1 0
3 2
1 1 0
10 4
0 1 1 1 1 1 1 1 1 1
5 2
1 1 1 0 1
3 2
1 1 0
4 2
0 1 1 0
3 2
0 1 0
7 2
1 1 1 1 1 1 1
6 3
0 1 1 1 1 0
2 2
0 0
7 3
1 1 1 0 1 1 0
3 2
1 1 0
7 2
0 1 1 0 1 1 1
8 4
1 1 1 0 1 1 1 0
